image: museum_hector0.pgm
resolution: 0.050000
origin: [-50.024998, -50.024998, 0.000000]
negate: 0
occupied_thresh: 0.65
free_thresh: 0.196

